f
4
11 6
7 2
199522

1 _ 0 0 0
2 _ 0 0 0
2 _ 1 0 0
1 _ 1 0 0
1 _ 0 0 0
1 1 0 0 1
1 _ 1 0 0
3 _ 0 0 0
2 2 0 0 1
1 _ 0 0 0
1 _ 0 0 0
1 _ 0 0 0
1 _ 0 0 0
0 _ 0 0 0
0 _ 0 0 0
0 _ 0 0 0
1 _ 0 0 0
1 _ 0 0 0
1 _ 0 0 0
0 _ 0 0 0
0 _ 0 0 0
1 _ 0 0 0
1 _ 1 0 0
2 2 0 0 1
1 _ 0 0 0
1 1 0 0 1
2 2 0 0 1
2 _ 0 0 0
1 _ 1 0 0
1 _ 0 0 0
0 F 1 1 0
1 1 0 0 1
1 1 0 0 1
2 2 0 0 1
2 _ 0 0 0
1 1 0 0 1
1 1 0 0 1
0 e 0 0 1
1 1 0 0 1
0 F 1 1 0
0 e 0 0 1
0 e 0 0 1
0 e 0 0 1
1 1 0 0 1
1 1 0 0 1
0 e 0 0 1
0 e 0 0 1
0 e 0 0 1
0 e 0 0 1
0 e 0 0 1
