f
2
9 9
5 2
799834

0 _ 1 0 0
1 1 0 0 1
0 e 0 0 1
0 e 0 0 1
0 e 0 0 1
0 e 0 0 1
0 e 0 0 1
0 e 0 0 1
1 1 0 0 1
1 1 0 0 1
0 e 0 0 1
1 1 0 0 1
1 1 0 0 1
1 1 0 0 1
0 e 0 0 1
0 e 0 0 1
0 e 0 0 1
0 e 0 0 1
0 e 0 0 1
1 1 0 0 1
0 F 1 1 0
1 1 0 0 1
0 e 0 0 1
0 e 0 0 1
1 1 0 0 1
1 1 0 0 1
2 2 0 0 1
2 2 0 0 1
2 2 0 0 1
1 1 0 0 1
0 e 0 0 1
0 e 0 0 1
1 _ 0 0 0
1 _ 1 0 0
3 _ 0 0 0
1 F 1 1 0
1 1 0 0 1
0 e 0 0 1
0 e 0 0 1
0 e 0 0 1
1 1 0 0 1
2 2 0 0 1
2 _ 1 0 0
2 2 0 0 1
1 1 0 0 1
0 e 0 0 1
0 e 0 0 1
0 e 0 0 1
0 e 0 0 1
1 1 0 0 1
1 1 0 0 1
1 1 0 0 1
0 e 0 0 1
0 e 0 0 1
0 e 0 0 1
0 e 0 0 1
0 e 0 0 1
0 e 0 0 1
0 e 0 0 1
0 e 0 0 1
0 e 0 0 1
0 e 0 0 1
0 e 0 0 1
0 e 0 0 1
